856301
853342
853598
9164944
854416
852147
855276
852395
855956
854139
856180
852871
1466524
850300
851753
851616
851969
851998
851756
853856
852074
851247
853582
855929
855625
856729
853518
852045
852329
852709
852306
854290
1466401
853355
850641
852378
855237
852284
854924
850876
850304
855584
851972
854942
851004
856510
854271
856811
856633
852289
853658
856088
856105
855863
850511
852404
854266
850938
3799970
854597
851099
851070
856594
850444
855515
852911
856849
853546
851926
853830
853860
856820
854210
852525
851106
851799
850916
851839
856781
852689
853068
853494
852383
856479
852276
853735
854408
856162
852462
854376
853418
850399
855315
852552
853784
852198
856617
856756
852960
852754
852925
852343
9164920
852417
851733
855390
851656
853145
851213
854065
855620
852673
852615
855672
852427
854783
855050
856543
851741
852596
851854
850872
856255
855214
854667
854829
850911
854513
853069
855770
855658
852035
852561
851222
850356
854883
851708
852199
850970
852616
853367
853489
856297
852438
855037
851142
853752
854477
851772
854755
852869
852820
854511
856460
856838
854332
852650
853824
850434
854125
856807
850331
852726
853976
9164959
855170
854003
851796
851125
855442
856714
854022
855115
856065
854167
854522
851639
853603
853602
855624
851272
852994
855926
855872
856492
856090
854206
852255
851338
853917
851602
853662
851877
850994
851387
850988
854081
856040
853890
856188
853985
854205
851829
854294
851478
852341
852152
853970
855596
852576
850692
852712
854042
851875
854399
850991
853209
852193
855142
851840
850397
854366
852606
850469
852102
856338
856658
854052
855388
850607
853840
850442
852645
851437
855093
853895
854402
852992
852702
853035
856380
853025
854881
852858
852530
854799
851678
850705
852465
853537
856692
851406
850981
851562
856113
851279
855595
853688
854202
850476
851802
855728
852048
856900
850309
853568
9164915
851980
851932
856481
854681
852728
852696
851661
851830
851145
853945
851589
854933
854660
853572
851255
856917
851229
856114
852089
851113
854819
853214
9164925
851007
853532
851313
851935
855377
854756
854056
853807
852922
854220
856519
853043
854353
850652
856740
856353
851653
851953
853247
852507
851817
852966
855893
853573
853102
9164888
854368
853241
851451
855424
856347
854002
855078
854265
856346
853495
856690
853601
851491
854722
852302
853083
852092
853787
850351
855364
854918
854154
855746
853933
853789
855895
850618
855309
853864
850688
9164952
851342
854263
852752
851299
855443
856598
850574
856790
852039
853665
854072
853207
853203
853590
852065
854952
851447
855831
852161
851700
9164887
850786
852431
852429
855136
853354
850645
852013
853630
855541
853558
851123
856254
852451
856336
855499
852445
850923
850823
852903
856413
852160
850597
850414
855787
856576
853487
850663
852883
856920
853820
850496
854622
850326
855025
850835
854484
853292
854820
850587
855920
855467
856324
852069
851143
850671
856687
852713
855215
853928
855091
855188
852220
851154
854421
852738
9164932
856441
856926
853941
852844
856420
855938
855911
850538
852337
851542
855633
854762
854517
854363
855107
852786
854326
855415
853932
852439
9164923
854331
851034
855489
856859
853322
852254
850964
855398
856751
850819
856240
851644
851995
852794
852591
853744
856217
854573
856062
850561
852357
856012
854694
850968
851315
853373
853604
855262
854738
853640
853177
851949
852531
852824
852772
854868
854092
853391
854177
855248
852880
855471
855874
852262
856637
852964
851797
851513
856934
855867
851087
853441
851723
852235
851374
851929
855245
850368
856015
851916
852460
9164988
850754
856757
855121
856211
852554
852191
853709
852978
852750
851518
850605
855946
852363
853992
854748
851671
852717
856329
855306
856213
856895
9164981
851373
852221
851924
854902
851974
851585
856532
852472
852233
851449
854299
851474
855475
855426
9164934
855533
852422
856438
853007
854908
855611
851539
852141
856293
850900
856815
852642
850694
855047
851306
856789
856674
851339
853870
854599
852392
853596
852543
852921
854650
855147
852699
853212
850534
854869
853724
855535
854540
855599
856828
850506
856108
856284
855273
851970
852932
850767
855479
855190
856264
851375
852471
854904
852370
855304
856579
856919
852557
853067
851515
853196
850980
9164931
854071
851521
854350
854369
854529
852661
855173
850521
855567
855581
853599
855066
850883
853902
853490
850339
851285
852947
855512
851641
850520
854104
854794
855781
851502
855405
856243
852528
853706
852398
854058
854925
855726
852419
852202
854728
853327
851353
853080
852066
853999
851077
853617
855582
856194
856736
854568
851618
851677
853696
855562
854860
851990
853885
855005
852943
851754
855120
853898
851448
852482
854335
855536
851522
854940
856131
851140
854781
850666
853077
850445
851264
854963
852014
856037
851058
851804
854566
852892
856778
853663
854711
854954
851400
851216
851544
855298
854927
854960
855764
854944
856691
851127
852705
852748
853224
855339
853385
854333
851866
851561
854538
853185
851811
854037
853164
853155
855158
855103
852935
851234
853806
855153
855745
856117
855671
855278
854040
855571
852548
851251
851957
850744
852318
9164921
853436
856772
853226
855006
856673
856024
854906
855838
855463
851177
850470
851869
852034
855099
854091
854138
856143
856160
855224
852976
854430
852100
856241
851268
855490
853202
850849
851458
852634
854079
853766
852437
852806
851838
854672
854806
851576
852834
852622
855156
856933
856118
852529
855844
852518
855775
854164
851968
854801
854463
851996
1466462
852878
854872
853379
1466438
853465
850792
851002
853524
850410
853098
850490
852828
855724
854703
854871
852352
855073
852231
856251
851832
1466482
856476
854103
856681
852905
853006
856653
855040
856832
855660
853592
855250
853195
852704
855184
9164958
855621
850702
851171
854911
851334
854695
856106
852356
850897
854114
852544
851512
852732
853060
850328
854844
853347
856589
854317
853681
851023
855157
855171
851189
850510
853383
856209
850999
854460
856818
850396
855044
853631
856027
855347
856314
852389
852251
855313
853123
851976
852386
852214
850391
852585
852057
854185
854436
854600
850608
856393
850808
851825
855325
856882
856465
855811
853778
856245
855062
851183
852032
853364
850423
852599
855344
850776
855889
850793
850301
854337
855169
854765
855174
856107
856049
851237
854827
853887
852309
852761
850953
853743
856029
852515
850753
850478
854497
853575
850429
851487
854427
856814
851018
852977
856080
853387
855030
855754
854221
856623
856021
852502
850394
856436
853803
856769
853649
851868
852701
853504
854297
855826
852412
853482
852895
856546
852690
855901
856799
856352
851720
855506
856007
854303
853828
855491
854812
851809
855484
853398
856699
854322
856852
855767
852951
856204
854825
856600
9164910
854415
853163
854644
854033
851579
855662
851314
851805
850706
850919
853285
855438
853686
852805
854313
853535
851537
852041
855979
853776
856367
856766
854903
851931
854409
856848
852205
856278
855511
854962
852900
852866
854384
852587
855804
852190
854659
851369
9164977
853852
855934
855665
855885
856728
850920
851392
852072
851028
853308
850844
854982
854684
852095
854553
851758
854953
853589
855461
852138
855476
851767
851598
855612
852303
851625
852211
855549
854383
853082
851511
855032
851982
855731
855126
853028
855709
856200
1466513
850455
855468
854034
851060
856629
851243
851581
855834
855508
852097
853760
851191
855636
851322
852433
850764
856522
855548
855840
855194
854010
856018
855606
853312
855730
850790
855096
851223
854978
853432
851066
853315
852683
853027
851712
854515
853642
854567
853644
853597
855085
855198
852651
852321
9164990
851115
854598
851674
853769
852113
856646
854431
855460
856282
856207
851206
853677
853281
853723
853227
853090
856232
853464
853466
851110
855200
852785
851895
852875
856461
852086
855974
851676
852623
850693
855238
856805
852312
852857
852299
850983
853792
854839
855131
853294
855796
853144
852197
853166
856553
853904
851963
853672
850549
853808
854094
852816
852913
854769
855663
852106
855524
850942
856261
854969
855842
856907
851923
852131
852046
853684
852155
850863
851835
856384
2777172
853333
856249
854854
852638
853912
851280
851036
852068
852285
855687
852970
850714
855821
855850
850323
853002
852145
850711
855630
852407
855041
855256
856656
855903
855976
850432
855875
854785
851236
856430
856555
853972
853712
851464
851606
851584
855144
855963
854559
852774
5848745
853410
854343
856618
852818
856891
855560
856044
854828
853197
850746
9164874
851782
852083
855647
851219
853842
851951
852234
851507
855229
852915
851757
851412
853974
855134
854465
855295
854328
855297
856509
856883
855400
851686
851130
851988
851944
850302
854939
855725
854088
853563
855092
854130
856197
853133
855053
855122
852729
9164912
854646
851637
856365
855223
850832
852571
851911
853088
855913
855060
852108
850452
856364
854983
854320
850796
852804
851484
856931
851999
855359
853747
854029
853057
856853
851410
850450
855639
856575
853765
855028
855919
850305
855343
851724
854043
855540
853545
855011
852153
855267
855108
853125
853950
853620
854321
856563
853434
855931
855593
851104
856115
851139
851604
850644
855739
853288
855653
855285
852017
851967
855408
852675
853866
855801
852334
854349
851475
853960
852450
852290
853486
854676
853801
852912
851203
854921
854424
853414
852050
1466422
856523
852919
855750
851693
1466440
854797
851346
853463
855933
852459
852109
850963
856521
856932
852049
851399
853259
853048
850967
854544
853531
850341
853296
853648
850678
851282
9164911
851469
856654
856797
852146
853272
851040
9164886
854453
9164922
855387
856535
855341
855532
851862
852158
853274
856591
856198
851335
850742
852609
855858
852256
851111
851388
856128
853654
851424
855761
850720
852593
856103
850485
856903
853946
855985
856437
853872
851590
852795
852993
854373
851572
855972
856643
856053
855220
852111
853829
855882
854273
854525
853095
852434
853561
853548
854994
854253
854244
851764
854284
853669
850974
856571
851141
855086
850998
851108
852128
851105
852873
855236
853670
856355
855264
852331
850346
853571
854352
854532
854930
852845
856020
855520
851909
854584
856842
851008
855035
852771
854127
853850
854506
851225
851696
850969
851569
854163
854493
856636
852381
850982
855430
850759
855922
855043
852659
856230
855932
853964
852084
856892
854822
850884
854466
853700
854162
856058
856570
853543
850733
850370
854146
853809
855195
852008
854833
853653
856869
856483
853848
850440
852187
855798
854761
850295
850517
854385
854119
856746
856867
855940
9164987
852112
850748
856634
854685
852348
850612
851740
853849
855552
856099
856168
855342
851533
850648
853099
856031
853587
852881
855355
853522
855401
854841
856884
851939
854941
852051
856236
850740
854080
856405
851699
851903
851302
856530
851422
854533
852988
1466518
856536
856677
855076
852351
851667
851943
853843
856725
855338
853790
852019
856721
850885
852629
856087
856587
855083
853076
854193
1466432
856416
854217
851263
854232
852628
850340
854565
856512
854086
854417
850585
856841
855883
855485
854674
852265
854401
852432
856738
854214
855941
856748
855270
851158
854818
853175
853335
854594
855141
853659
851172
854778
855336
856632
850890
855865
855537
856910
853699
851973
856862
856052
854891
852546
850563
856458
853509
856258
855487
853783
855793
853170
856520
851610
853562
856036
854849
854398
855616
856208
856572
853290
853467
854556
856901
853674
856017
852335
856394
853485
856924
854361
853641
854865
852836
855587
853574
855651
852600
850811
855905
854170
850828
854007
850418
851035
853419
854314
850598
852362
851013
852523
853570
852886
850800
852319
851870
855261
854649
851600
856350
855155
856561
851415
855914
854853
852679
854815
850360
852496
854706
853651
851682
853477
856626
851396
850614
854887
851979
852940
853716
852889
854359
854478
853481
852122
856717
852426
856720
853328
854673
851460
851273
850593
851269
851906
855795
855917
851717
853737
855543
853042
852025
855623
851827
854237
854739
9164957
854046
851495
852987
854055
856295
851371
852387
850382
851337
856453
856450
853770
854909
852826
853416
854312
855615
851915
854016
851663
850860
856819
854281
852129
856630
851842
850572
854916
855427
852238
851233
855052
852867
850869
852031
851574
855014
856615
854536
853015
852825
855656
855101
852385
854143
853823
852248
851360
856227
856333
853058
856372
851808
851408
854020
855335
855318
852325
854397
853636
853468
851239
854572
850701
856794
854796
853393
850610
854242
850581
852257
850321
853519
850324
855559
852991
855967
9164953
855622
856404
852428
853719
854136
855281
852260
856238
854102
856442
853938
850854
850852
852079
856239
855649
850556
851985
855294
852575
9164866
856482
852714
855385
856428
851452
852110
853918
855034
855618
855942
855644
851548
852242
853150
856804
854131
854420
852837
853271
851230
851597
851413
851822
851788
851073
853045
851461
851295
853821
1466424
852081
856121
852296
855464
851006
856496
856210
853064
1466493
855268
853244
856517
856471
851308
854087
854793
852181
853515
851421
856246
850484
856319
850717
850577
850373
854413
854388
855492
855689
854931
854428
854310
852474
855717
854173
852686
855308
852354
852492
855478
854759
854240
856516
852800
854450
853337
856145
855993
850352
854735
854057
852594
853775
851074
853967
855698
854500
855252
852568
856455
855629
853205
856753
854746
854000
856533
854432
855183
851560
856711
854848
856452
854426
853168
855243
852790
855362
854488
852382
854018
854394
853169
852526
856083
855358
852665
855800
851607
856304
850550
855203
855892
852833
852130
853320
854066
852566
855480
855568
856221
854907
853249
852279
854932
853473
853978
851793
851383
852672
852353
853374
854110
851918
856468
854414
855154
851959
852332
854198
853958
852710
856744
853851
851913
851654
853471
854595
852553
850829
852633
854013
852295
853011
851049
856779
854077
855434
852532
851516
852212
853235
856085
856776
855789
856854
853936
854758
856415
853423
852810
853332
852715
852223
851435
855736
1466467
852946
853293
856272
856599
852590
851376
852617
850312
855416
853733
850915
853345
851750
852347
856726
852703
855403
855247
851150
856234
851635
854030
856659
850499
852533
855983
853780
852860
853510
853909
855575
851770
852802
851701
853679
854183
853782
854721
851289
855721
851504
851244
850540
853356
855923
854570
854562
853525
850857
854867
851509
855337
854773
851252
851089
855360
852749
852582
850338
852245
851628
855404
851570
854216
855118
853154
856443
851703
851545
853880
853140
854857
853484
853815
855544
854017
852380
850789
855583
3799967
856165
853979
853814
853255
856716
856534
853827
852997
855082
850673
852720
853585
855450
854075
851810
852565
851615
855802
851259
856305
856909
852803
855637
854116
855495
851364
851466
856702
852218
853008
856095
856911
854390
853350
856922
856435
856412
854750
855077
850905
851468
850334
853104
856051
856515
853994
855591
853982
852308
853160
851359
850889
854346
855500
9164976
853516
850458
856357
851587
855991
853128
852244
854339
853991
855654
850620
851394
852440
851925
851962
852012
854571
851803
852536
852898
856743
851083
1466510
856610
854926
1466478
851834
852961
851683
850468
856680
850685
856067
853705
852890
853508
856434
850787
852483
9164898
856320
852618
855372
854078
851362
851481
852247
854429
853117
852756
856817
855673
856588
853526
853397
856759
856556
855667
852150
855678
854655
851030
852583
853032
851181
9164970
853297
856411
856474
850799
853348
854423
850955
9164919
853583
851697
850682
853295
3799968
851506
855928
9164955
856558
853165
853363
854808
851250
850935
853153
852172
852044
850853
851643
854108
852403
853957
856401
854635
855908
855688
855805
851947
856002
851617
853071
856069
852796
854106
855776
855447
854309
854445
854229
850894
852093
855207
852073
854683
851594
853409
855742
853173
9164876
851681
855417
856055
852466
856488
851948
854411
852815
852038
855168
853469
850933
850297
855201
9164877
854096
850438
1466521
856199
853881
856377
853637
855329
854433
853942
851879
855866
854670
852028
855187
853381
856880
856321
853798
856700
855386
850761
856279
852753
855766
850443
851245
855879
852984
856218
850625
850504
851692
9164939
851232
855820
851964
853266
852207
855598
854498
854537
850712
852167
854447
853666
854998
851886
851350
853949
854330
850768
853559
855737
852117
854152
851201
854593
853794
1466497
852736
854821
856421
851262
9164978
854788
850756
850636
853616
850713
856668
851014
852424
851494
854344
854315
855219
852830
851107
853425
855813
9164950
851296
854896
856566
856470
855311
851061
856518
855284
853201
850686
852494
856879
854692
852648
854228
854938
854418
853977
850436
855406
853836
855845
851266
852456
851445
850318
850634
855164
851358
9164982
852724
851648
851636
850892
850347
851039
855105
855980
856864
855163
851425
853560
855566
856851
853692
855809
856638
3799971
852574
852589
854726
851136
850299
851340
851015
856737
855225
851022
855995
856499
853277
856877
856153
856270
851260
854937
851568
851381
855762
856500
854675
851675
855110
855528
851922
856649
852372
856604
850465
855399
856524
854766
854323
853795
853413
855056
852579
852054
850377
850507
850412
856508
856552
856487
854226
852649
856140
856648
851192
851706
852797
856179
856507
856307
852390
856925
851687
855999
854772
853498
851591
850489
851889
856378
854165
851398
856800
852402
853097
852654
853041
853805
852411
9164926
855135
853453
856771
851429
9164914
856768
850665
850700
853422
856603
854586
854965
854725
855553
856132
856650
853505
854360
852277
851821
854364
853072
853544
854318
850946
854851
856161
855818
850349
854712
855997
854569
855994
854641
854179
856023
850909
855125
852763
852619
3799977
851856
851084
853638
856280
9164975
854391
853529
856792
856212
854601
851194
851120
852287
852365
853000
856663
851787
853540
856601
851566
853210
852107
853613
850359
850995
850752
855564
854437
852274
850948
854262
855935
856939
854715
855711
856665
851709
856439
856609
852601
853183
850763
850926
854006
852080
856577
852707
853695
852088
855628
855167
851025
856214
855965
851888
855008
852326
855996
851815
854915
853193
851666
854063
850887
851323
853086
850480
853530
850632
854946
854279
852444
855679
850457
852918
855763
855848
856675
850306
856451
9164882
851536
853875
856475
850514
851612
850875
850638
850977
856351
854458
854501
856821
850633
855327
856271
853868
853159
850826
855322
851027
855059
853020
856318
856032
855554
851632
850775
853231
856713
852058
851182
853818
850422
856191
854534
851954
854382
851114
853377
850901
855836
855580
850647
856097
853542
855381
9164881
853065
851897
854777
850947
851367
851352
850931
850529
853811
852443
851103
856061
856010
852124
851024
854651
850498
854062
854745
855186
850809
851873
855950
851485
854701
854089
851303
851914
856335
856133
852876
854742
856485
854557
853401
851064
852560
854976
854142
854181
851855
856170
856322
851175
853755
852491
851419
856466
852453
855695
856809
854059
854249
854230
851721
854661
853221
851749
852225
855320
853426
854809
852094
850320
851738
855661
1466485
855648
855957
854677
855258
1466427
852564
850524
856009
850588
856432
854292
856228
850979
854083
856359
855603
855444
852154
853632
855324
856473
1466495
852397
851672
851075
850343
853217
853971
852547
854981
852101
1466441
854990
853039
854804
855712
852896
851467
851857
856866
851846
852215
851852
854645
852304
855097
856093
850984
854289
850354
856813
851414
851146
854097
851436
854276
853191
851734
851184
852884
856174
856915
852723
850861
853300
856358
856070
850317
851905
855477
852931
856802
855139
855652
856125
853081
850722
855949
853773
855462
854988
854862
856341
854293
851378
855116
856361
850934
856835
852558
854747
852948
850783
851726
850922
850677
856440
855871
854023
855055
851423
850642
855792
852819
853713
856028
852258
856822
856163
851211
850502
851577
851761
852746
853276
850293
852747
1466503
856374
851088
850704
856914
856339
851457
852974
854551
853547
856252
855988
853126
854011
854950
853457
854605
853182
852346
855757
856697
850626
855655
855348
855846
851057
853988
854008
856511
855045
856664
855420
854564
854717
850939
851774
854462
856597
2746859
853313
853935
855282
856181
856392
854235
856918
854863
851426
9164965
854067
853857
851033
9164900
853237
855453
850817
855307
855807
856144
854834
851942
851121
856182
854892
852168
852983
853472
850838
856268
856231
850990
854652
854268
851904
850413
856791
853959
855277
852280
1466532
853538
853194
852314
851705
853804
856022
856480
854379
851936
851824
850451
855497
855578
850488
851386
852770
851955
9164927
851195
851345
854774
851472
853901
854657
854795
856547
856263
851664
853325
853017
853566
856111
851045
855330
850655
855189
856472
856000
851685
853720
851109
856749
855539
855241
850497
850646
853147
856620
855504
851076
855363
855948
852015
854630
852361
852171
854479
850477
854454
851407
854710
854494
851168
1466442
9164899
855986
853268
853714
856569
852821
850755
854634
855947
853200
856760
854278
852611
1466399
856670
855049
854866
854117
853878
850411
854689
852635
850333
855213
854922
853503
851997
853539
854204
855613
850479
852924
855859
850781
856858
856302
851147
853569
855849
856505
855021
9164901
852972
853893
854980
850659
850873
856463
852449
850463
853456
854516
853725
851934
854070
855353
854811
856306
855159
851135
855843
855022
850553
856876
855206
850664
856112
1466431
854527
856309
852663
855854
851503
853353
851745
850456
854203
856292
853863
853459
851202
855458
852388
855090
856894
853135
853639
856897
854552
854405
851051
853261
854095
856104
855457
853788
850329
855881
851214
852186
854457
853610
856459
852742
852980
853871
855788
851021
851248
851384
855828
853975
856887
852000
855692
852779
851148
853528
852139
854076
856758
856796
856644
856540
851205
1466460
853956
856870
854188
856583
855642
853116
855824
851665
856030
855178
852180
855452
855255
854647
852612
853664
855855
851755
850669
852344
851477
853746
855221
856667
853122
856559
856573
856478
851277
852731
851812
856718
853523
854120
855407
854467
851658
856226
853635
854642
854282
9164907
853275
856260
854440
1466466
852379
851157
852489
855409
850803
851620
853079
850898
854213
852835
852962
855939
854182
855474
852721
853114
851527
855226
853834
855675
9164902
852939
853047
854296
853179
854019
851462
856167
855570
853753
855959
856156
853891
854776
856368
856812
855421
852241
850708
852506
855507
1500489
851380
851319
854843
853336
1466476
856184
853130
856216
852470
850600
850907
850910
855323
856373
852090
852125
851054
852119
851254
854732
856285
851241
851161
854144
851361
852864
850871
856825
854968
855300
855573
851307
854802
852660
852657
856343
852250
852986
855747
851800
855916
850945
854377
852514
852452
9164985
853629
856193
853825
852646
853937
853492
851713
850420
854845
852098
855510
855619
9164883
855395
855149
854894
855778
856537
852923
856607
851532
854153
856277
852224
852839
850745
853841
853661
851853
854191
850816
852516
850353
852479
850559
851086
854166
855783
856863
853826
855242
851795
852063
856011
851498
855607
854708
852209
851529
853452
856732
850839
851627
853729
855026
856092
850794
850616
854406
850545
851096
856077
854184
854888
853721
856397
851535
852647
850433
852425
853772
852174
852666
855841
850784
851032
853119
852791
855127
855797
854992
855632
851456
853461
854740
851368
851642
855418
855222
855039
9164880
9164949
855310
855260
854248
851227
855414
850548
850772
9164868
855143
851442
854973
856464
852340
851645
855569
853439
853254
851454
2746858
851894
854441
852678
856262
850698
853910
852697
851898
855529
854859
855033
851377
850367
856433
853595
850996
853802
851174
851404
852995
855192
856554
852777
855912
856400
852007
853341
856253
854371
856366
853428
850613
853551
853033
852266
856042
852077
854223
855003
852464
855869
851690
854435
853010
853162
851790
856846
852632
853997
850882
854025
855659
854449
855333
854733
851395
852237
851613
853527
1466421
851476
855944
855472
852123
854639
850296
853174
850992
854245
851037
850896
855375
853925
855951
855246
854001
853112
853149
852598
856178
854227
851492
854656
854151
850569
852580
851029
853906
851710
852358
856426
851742
851993
852979
856119
856735
855496
854050
853900
856059
851271
853707
853389
852349
856551
856860
853702
854306
855123
852985
851199
853359
854134
852484
852414
855013
856101
854966
855197
856390
854026
851978
853146
851164
856296
855114
854878
854024
850621
850315
852127
855272
854709
856745
850342
852733
855071
851379
850951
853005
852298
851614
1466453
855067
855456
852216
855937
851831
854053
854325
854038
853301
851952
852652
855161
854964
854771
851638
852719
856089
855710
850308
856456
853586
853365
851917
855577
855166
855235
856733
852401
853037
855799
850630
853056
5142379
855588
856091
854471
855597
856369
852468
855640
856054
853262
852239
854840
853273
851329
851240
854713
855945
855909
852497
852169
855081
855592
853491
852681
850348
853605
856784
851563
853131
854126
852765
854186
853618
855743
856513
853139
855138
851731
9164870
853340
856402
853667
850825
855563
852366
3628034
856490
9164875
855249
856750
854434
850554
850425
856315
851488
855440
854156
853029
855368
852391
856683
851440
853521
856081
850668
850906
853968
855175
852070
855088
855555
856060
853442
852722
851631
852016
850522
853920
856888
850580
855594
856755
850466
855860
5814844
856360
854021
854446
856696
854901
852874
851695
855104
854623
850409
856152
852798
852176
851508
853614
855130
852114
855291
853751
851246
853346
850782
856006
852813
856793
855968
852694
852121
852324
851085
853142
854260
850821
855558
850500
853758
1466409
852350
855758
852134
856039
853338
856682
852359
852559
850447
854387
855439
850650
856146
855907
851621
852135
855906
853352
850402
852271
852446
850739
854702
850683
851730
854243
852469
850291
852292
855075
853552
855057
850431
850805
851975
850389
852042
850771
852897
852519
852916
853839
854141
852322
853371
856912
852342
851605
851499
853876
1466492
851261
1466526
856906
853395
854791
850747
852196
851347
852336
856843
855601
851937
853993
851736
854816
854113
850303
855239
853855
853858
852888
852273
855897
856539
854129
854005
851156
853678
854882
856323
853108
853253
851418
855216
855112
851575
850344
850727
850864
853311
854687
853584
855771
853955
856071
853990
1466419
851843
856175
854842
852775
855382
850590
852856
850715
853606
851646
856855
854009
852467
852416
851459
855176
855299
853362
852870
853329
851766
854900
852071
853862
850637
852541
855383
854989
855856
854495
853698
851530
855441
852902
851659
854047
852229
854028
856126
855392
850865
852511
850437
854135
850917
853199
850833
854648
854934
855898
850749
852577
851892
854258
850690
850378
851059
851981
851910
853053
855982
850654
855722
851729
854596
855827
851718
851608
854291
851880
851514
850628
853750
854719
853157
853643
855816
854412
854105
854287
855094
852259
853075
853730
856376
854548
853768
856782
853507
855095
852684
856332
854051
851994
851698
851992
855488
850427
856398
853579
855232
856786
854027
855218
855331
851547
851655
855565
853052
853727
854275
852982
855152
850743
852540
855117
853555
850387
853462
853287
851042
853433
851180
850530
853557
852310
854199
854475
851651
853847
853016
850606
856621
851554
856777
851778
852973
855732
856387
854949
850653
856477
856538
850750
853118
1466468
853520
854790
854192
854327
851850
853734
856386
854700
854697
850925
855825
852662
852503
853930
851950
855585
855113
852501
854160
852311
852500
855760
855394
852640
850912
850495
851707
850375
855051
856840
852405
856220
850509
852521
853680
855819
850807
852862
850501
856484
851789
852522
856898
850435
850639
853279
853137
855302
9164963
852955
1466528
853846
850631
852851
855102
855557
855547
852938
855676
1466530
852278
854270
853989
856176
855269
854159
852893
851798
852588
850976
852762
854459
853129
852338
851881
850824
850675
853051
854678
850415
850464
851565
852457
854274
854345
856839
850651
856606
852228
855525
855880
852682
851000
856201
850364
851657
850950
853817
856423
853417
851933
856528
856602
852740
855305
853121
853931
856560
850558
854744
852283
854286
854504
856454
852555
850886
852230
851500
856660
851041
855087
853867
853003
850707
854372
855925
855829
852556
852376
851865
855958
850487
852421
856331
850731
851354
854530
855483
855140
853952
856294
853181
853323
854920
851479
850372
854257
853859
854542
853774
853578
852003
850716
853854
852159
854403
853223
854780
854637
856704
855217
854691
850878
853892
854928
851737
854995
853594
9164983
856408
851847
853186
851137
856100
852275
854999
855987
853609
1466511
852757
856149
855036
851122
851582
852926
851152
855208
851640
854280
1466480
850544
850406
854895
853536
855699
856803
850971
851204
852621
852780
856489
853298
856005
854945
851131
856041
856342
851427
856310
851497
9164897
852517
854168
853588
853265
853567
853264
9164964
856001
856824
854889
856698
851455
850384
856494
853093
856229
850757
854658
850643
851984
853019
852064
854514
855063
853922
852639
853242
851858
854503
855054
851071
851389
850997
853984
852822
852811
854060
855288
856810
853593
850785
850430
854468
850381
3077355
854654
854560
850719
852865
853222
851416
855257
854481
854852
851267
853728
850777
851596
852996
850289
855017
854549
856861
854211
852305
856247
855210
854212
854469
855180
851365
856787
851366
851385
851908
853581
852644
851716
852990
856345
2732686
854850
850840
855998
856806
851702
851401
853447
856417
853832
853023
854329
852929
852848
855061
851409
852328
856501
851739
854439
852317
853229
853628
852643
855744
9164986
850528
851599
851333
855918
853600
853819
853445
855459
850518
856584
855727
854886
852957
852584
852937
855899
855448
855780
854200
853307
851326
851309
852263
856136
855782
855720
853607
855177
853111
853608
853455
854875
855016
853916
850345
851215
856349
851212
854509
3799975
856148
853550
851276
853894
851991
853280
850959
856672
854470
852004
854187
850358
856449
852569
855160
854098
855803
852863
1466520
851372
855748
856072
851771
856142
850921
851893
855538
852024
854682
850908
851249
853458
851836
9164873
855332
854261
854158
856291
856498
850827
2827705
852033
856362
853339
856399
856873
851609
853621
853668
856298
852053
853761
852758
852099
851101
855765
9164879
856371
855314
851559
853710
854993
852573
853785
852853
850441
852461
1466417
9164871
853062
855645
854919
850543
856276
855010
852476
851633
853934
851209
852971
856183
850298
856896
852011
853565
854583
852486
851310
852538
850570
853965
850573
9164869
855887
853034
1466475
853889
851473
852009
851650
851907
851744
852667
854914
852478
854864
855707
851124
853089
851010
851428
854690
854111
853113
852206
852607
855425
856645
855609
852741
853036
854222
855244
853951
854554
852944
856574
855832
850780
853873
855513
855473
853623
853050
852904
855465
854736
851768
852485
855556
855503
856381
854604
854668
851785
854197
855862
851813
851284
855230
853399
854977
856462
853506
854483
856801
852551
853349
850599
855713
850738
851786
850660
851714
850943
856102
854049
851450
853986
850766
854832
856785
854731
855902
851884
851520
853884
854380
850635
854319
855145
856004
851814
855608
856056
850721
854688
854671
854149
851760
853283
855752
856457
850426
855641
856429
854489
854555
851119
853899
852504
853671
855271
854246
1466461
856640
852850
854247
853078
852700
853026
851647
851348
854201
855162
856045
856688
853882
851920
852887
852408
855179
850459
856123
855204
855312
850879
854456
856186
851649
850779
853369
850927
853009
852969
856693
856038
854814
851691
855576
854443
854577
855301
856695
855631
853368
854874
852670
855900
854090
853451
852246
852192
854128
855784
856514
852059
854603
853115
853167
854155
852115
855790
850724
851549
853660
852975
854698
855977
853310
855975
850858
855326
856491
852144
854334
850877
855705
853929
856923
856283
9164968
851900
852170
850841
854948
852463
9164951
855969
850672
854972
853357
855768
853924
851493
856303
854461
856497
853996
851321
850439
855393
854899
852062
850987
853148
852200
851551
851330
853316
850366
3799978
9164956
856831
850843
853756
856904
852814
850601
854986
854971
856098
1466523
852685
855910
851190
850609
856686
851482
855263
856611
850417
855029
853483
855773
854109
851876
856130
854563
853812
855196
854680
856927
851098
851779
9164971
851078
854354
850845
855626
853739
850454
854741
850539
856741
9164972
851446
1466516
850595
856388
854425
855830
855482
851891
850734
852610
852879
853869
853953
856774
851019
852188
854531
855521
852846
853319
853512
855704
854835
854259
855275
853178
854955
855505
855009
855779
854175
852047
851332
853954
850891
856327
850952
853390
853158
856419
851311
851781
851938
851694
852624
852307
852282
850736
851930
856613
856829
854957
855837
850624
856155
855952
854893
852630
854817
856063
851531
853763
850424
854225
854508
851217
852435
850314
850944
855786
850940
853777
850492
853673
855703
852447
854499
852240
853405
852316
850868
856739
852968
851759
853612
852958
854036
852286
852602
851112
853888
853152
854935
854877
853886
851420
852184
855080
856724
852847
856624
851363
851611
853534
851069
853513
850820
855349
855605
854362
850778
853246
851471
854208
854124
856506
854485
850403
856375
851439
853091
856427
854267
852133
852023
852626
1466443
854236
852899
851776
854392
850401
852766
854836
854285
852676
856899
854283
853708
850527
855328
850918
852189
855927
852001
852963
852578
851902
853256
850603
853845
854133
855691
853762
853267
853330
852567
850579
850818
854997
851430
856709
851187
854351
851794
853717
852537
854543
854256
854693
850978
855857
851960
852393
853257
851151
1466445
851126
853438
855517
852493
852136
856639
854749
854115
855955
850619
854395
850874
856616
855930
850623
855954
853502
850941
856141
853816
856356
1466514
856370
855794
853232
853697
854068
852294
852203
854123
851055
852949
850760
851220
856783
852082
852572
851185
856655
855259
856504
853556
855089
852364
854770
856628
854073
856311
850658
852586
850735
850516
852021
853096
9164967
855756
854342
851210
855012
854407
852018
853748
856317
851312
852410
852910
853624
9164984
853309
850737
856154
1466463
851292
851344
851224
851056
856290
851196
851882
853031
854386
853718
854550
853983
851887
855706
853302
852952
852185
854145
856605
852116
852755
851885
855070
855668
854474
853243
855128
852269
854301
853940
853407
851844
852323
852789
856016
852688
850851
852487
855522
854974
856486
855873
854970
851325
856865
853190
854664
856026
850822
854295
851743
856844
856705
850656
852868
854231
852448
852768
853690
856565
856889
852061
852499
856557
856196
9164962
852838
853014
856079
852293
853874
855677
850725
855664
856395
856715
853030
854929
853499
854789
850376
856775
855251
851403
854768
851159
853269
856734
855835
855429
851274
852360
854898
850536
851751
854082
851221
855410
853796
853361
853138
856008
853408
854743
855600
855674
856731
854991
854324
851411
855470
856856
851752
851626
851470
853926
852891
856014
853683
855530
851525
853927
852520
850830
852783
855350
854724
853396
853861
851845
852513
856647
856940
852399
851775
850902
852243
851129
856893
856581
856019
856625
856754
856752
856614
855446
852423
853161
853619
855280
854792
856422
852885
850880
854519
855822
856444
850993
853400
854897
855984
856275
852477
855772
854452
855650
852872
855292
853317
854669
854305
855228
850649
851878
856928
856545
854831
856219
850398
850806
851102
854507
852620
856544
852842
856612
850627
852641
855806
851097
851541
855561
852252
854012
852330
852173
852313
855669
855023
854737
856379
853230
856084
852222
852542
854472
851660
856316
856057
854209
852636
9164908
856823
852075
856582
853427
851965
852104
853386
856830
852608
851117
855751
852716
851065
852406
855861
856035
852498
850847
850689
854539
856689
853647
852735
856391
851128
852219
850703
850602
850515
851162
853344
851200
851265
856548
851983
856424
852989
854255
851595
851623
851680
851095
855755
851160
856761
855574
853478
854847
852249
855436
856274
854264
851170
850400
853923
852953
853475
856567
852998
850696
9164947
851861
855346
852614
850584
854338
853771
854662
850856
853085
851317
853576
855534
853981
852549
853793
851048
1466413
853944
852480
853687
854118
855960
855891
852481
852778
851899
856383
855817
853127
1466470
856013
850773
856233
853388
850523
852861
854174
852291
854545
853844
854444
852002
855579
854356
855894
856138
854482
850674
853896
853260
852664
854984
851971
9164969
855943
853421
856313
850513
855422
855970
851987
854277
852261
850453
851784
852226
853213
851431
856171
856503
850726
850930
856075
856764
856129
856225
854039
852539
850730
852394
851567
851841
853767
854448
851091
853318
853969
853757
853479
855202
855469
854014
856425
850319
856652
851517
854064
851480
855283
854032
853754
854085
850532
852096
852801
855682
854381
854910
855361
851748
856447
856281
855449
852126
856580
852371
856657
852253
852442
855864
855723
853107
850928
856847
854196
851564
856048
851336
856403
850567
856921
851763
851592
850770
852288
853454
855389
856134
852373
851256
856562
852512
855423
854718
850962
854487
853963
852967
856913
852832
850691
850395
853650
851807
855870
850762
856135
850611
854753
850846
853376
854473
856223
852908
855319
856916
850385
855701
1500487
851746
853961
854943
850676
856662
855729
850958
855718
850741
850310
855877
854663
853962
851928
852809
854913
852934
855753
854760
852454
851747
852855
854535
854699
854161
850684
850972
851067
852744
854679
850419
855738
851417
852270
852843
856250
853305
855182
856068
854300
856203
856564
853625
851550
856595
855411
851486
855884
856502
850552
855137
851833
852764
852692
850388
852236
854987
853238
853326
850904
3799972
851874
855936
855150
853741
854520
856593
856780
853106
854666
855681
850687
855020
852592
854251
851082
855356
855586
855634
851318
856529
851634
851328
856382
851293
851890
853429
852625
855345
854195
9164979
853233
853914
852767
854610
854716
855454
850508
852020
855357
851956
852076
855501
852655
850709
855316
853392
851483
852458
856448
856096
851818
850405
852377
850662
851432
853908
856703
852928
856836
850330
852300
853554
850322
851304
853282
853488
851281
856354
855481
851624
854813
854582
855876
852415
850812
852782
856034
855964
856642
850505
850363
855716
850555
856289
851327
854357
850589
855240
856671
851704
855545
850491
852026
856050
850788
853192
9164980
856267
855212
854714
853877
855683
853580
851501
852142
856326
850313
853800
852637
855002
855373
854640
852264
853470
852369
854810
854879
850966
855274
851859
853450
855293
854541
852799
851670
4036073
850591
852920
855602
856886
855119
852037
854856
850604
851441
1466494
851324
851860
852550
855031
9164893
853172
856159
850718
853061
1466465
856237
854805
852945
851820
856694
856767
851218
852177
850837
854480
850710
851167
854855
852143
850732
856669
850797
854505
850728
850810
851765
850565
850774
851989
852787
855428
850914
855808
855741
852730
9164966
853198
855643
856937
856337
854307
854936
850421
851052
853188
854396
854775
851583
855042
855812
853919
9164894
853219
850798
853187
851977
853372
851063
854861
853646
856418
853100
856257
856147
851688
851524
9164867
854824
855352
855412
853865
855205
851178
854763
851725
855833
854190
851762
854826
853250
853732
856158
851068
853853
855287
851193
851557
856722
851207
852793
854876
856467
851986
852882
850592
853634
850836
9164945
854048
855852
1466522
853218
851453
851819
854985
852060
852118
850961
850888
852563
856868
853286
9164974
855502
855686
855680
852737
853675
856590
852734
852695
9164909
855254
851543
850383
854302
854734
850870
852743
855317
851166
854490
854686
855531
9164896
854627
853541
855888
855886
856596
853120
855700
853980
852788
855498
851580
852030
852852
850695
851434
853682
855018
852562
855466
852773
851153
853303
855527
855990
856195
856850
852603
850949
853382
850657
854336
9164878
851777
850562
850551
851896
851946
851722
850924
852751
854370
852436
850893
853252
850583
850369
853225
852087
852179
851005
854404
855289
850325
853351
3799976
853500
855303
850973
9164917
851208
856187
854347
851320
850568
853939
854419
851163
854631
855132
851100
856431
853966
853375
850392
853204
851391
856935
854653
2827706
854956
851169
855231
855646
856078
856885
851921
855366
856137
855978
853304
851351
853151
852006
851226
851652
854093
856837
851433
853248
851132
854099
855690
852545
855708
855774
852956
856719
850471
852495
852933
853715
850769
851286
856723
853334
854764
850578
855971
854252
9164954
856827
851197
852105
852950
856541
855068
854526
853626
853460
9164935
850594
855266
850327
853738
850449
851173
855015
854912
852680
855227
856334
853514
856845
850903
856908
856765
850541
1466398
854150
854979
851851
852999
850795
851558
9164928
855369
855785
856389
852535
856409
856890
855509
854241
853973
852194
855265
855890
856727
852854
852327
854157
853781
850519
853358
853652
856287
851919
851092
853110
853943
855638
852091
851848
850307
850956
855433
9164872
851823
854786
856169
853406
855589
852823
855253
856742
855514
855953
852455
853049
851719
853136
855769
854084
856410
851727
855962
856312
853553
852817
851238
855981
853124
853833
852418
855402
856094
850758
853059
851356
853109
854518
856222
856763
853701
856076
856608
856788
853693
853366
855048
853497
850361
